Date,Revenue,NET Income,Ad Spent,Products launched,Profit Margins,Market Share pc,Percent Change
2016-01-01,800653.0,320261.2,160130.6,1.0,0.4,24.257412093909902,0.0
2016-02-01,850654.0,340261.6,212663.5,0.0,0.4,24.868168484740053,2.517813476827926
2016-03-01,856856.0,342742.4,231351.12,0.0,0.4,24.941783022998035,2.8212858257041824
2016-04-01,920735.0,340671.95,276220.5,1.0,0.37,26.15856710935951,7.837418963282211
2016-05-01,873001.07,323010.39,237595.13,0.51,0.37,24.810477245371512,2.279984152144832
2016-06-01,823676.0,304760.12,197682.24,0.0,0.37,24.285965328172303,0.11770931767931174
2016-07-01,840981.0,353212.02,185015.82,0.0,0.42,23.78787300213417,-1.935652038881823
2016-08-01,745434.0,260901.9,223630.2,0.0,0.35,20.644051743475984,-14.895902070860615
2016-09-01,904534.0,316586.9,298496.22,1.0,0.35,23.242262377677577,-4.184905266490446
2016-10-01,913883.67,342569.41,306123.64,1.98,0.37,23.145514565172363,-4.58374341184027
2016-11-01,923545.0,369418.0,314005.3,3.0,0.4,27.323089030173755,12.638103868604865
2016-12-01,793242.0,317296.8,158648.4,1.0,0.4,25.201590932990893,3.892331281777734
2017-01-01,1003452.0,331139.16,361242.72,0.0,0.33,33.384135539087254,37.62447292334502
2017-02-01,1023874.69,337878.65,363118.29,0.53,0.33,27.834483538861555,14.746302825311346
2017-03-01,1042321.0,343965.93,364812.35,1.0,0.33,28.891156845358783,19.102387070433757
2017-04-01,1094231.0,328269.3,426750.09,2.0,0.3,31.00881495952985,27.832329514305293
2017-05-01,1204324.0,361297.2,481729.6,1.0,0.3,37.54649181276449,54.78358395119554
2017-06-01,1452343.0,435702.9,580937.2,2.0,0.3,40.49035848922993,66.91953095604744
2017-07-01,1567234.0,470170.2,548531.9,1.0,0.3,44.78382102405049,84.6191211604719
2017-08-01,1632454.0,440762.58,489736.2,3.0,0.27,54.819224107302965,125.98958163829006
2017-09-01,1714709.7,462971.62,532650.18,1.48,0.27,52.29266207911728,115.57395272287081
2017-10-01,1794312.0,484464.24,574179.84,0.0,0.27,59.24060412268002,144.21650542661575
2017-11-01,1954234.0,527643.18,781693.6,1.0,0.27,66.09834757006043,172.48721881034933
2017-12-01,2104352.0,568175.04,757566.72,0.0,0.27,53.764371068467334,121.64100135795395
2018-01-01,1582345.0,474703.5,537997.3,0.0,0.3,43.11670143589274,77.7465018484708
